1,1,1,1,2,2,1,2,2,X_Wins
1,1,1,1,2,2,2,1,2,X_Wins
1,1,1,1,2,2,2,2,1,X_Wins
1,1,1,1,2,2,2,0,0,X_Wins
1,1,1,1,2,2,0,2,0,X_Wins
1,1,1,1,2,2,0,0,2,X_Wins
1,1,1,1,2,0,2,2,0,X_Wins
1,1,1,1,2,0,2,0,2,X_Wins
1,1,1,1,2,0,0,2,2,X_Wins
1,1,1,1,0,2,2,2,0,X_Wins
1,1,1,1,0,2,2,0,2,X_Wins
1,1,1,1,0,2,0,2,2,X_Wins
1,1,1,2,1,2,1,2,2,X_Wins
1,1,1,2,1,2,2,1,2,X_Wins
1,1,1,2,1,2,2,2,1,X_Wins
1,1,1,2,1,2,2,0,0,X_Wins
1,1,1,2,1,2,0,2,0,X_Wins
1,1,1,2,1,2,0,0,2,X_Wins
1,1,1,2,1,0,2,2,0,X_Wins
1,1,1,2,1,0,2,0,2,X_Wins
1,1,1,2,1,0,0,2,2,X_Wins
1,1,1,2,2,1,1,2,2,X_Wins
1,1,1,2,2,1,2,1,2,X_Wins
1,1,1,2,2,1,2,2,1,X_Wins
1,1,1,2,2,1,2,0,0,X_Wins
1,1,1,2,2,1,0,2,0,X_Wins
1,1,1,2,2,1,0,0,2,X_Wins
1,1,1,2,2,0,1,2,0,X_Wins
1,1,1,2,2,0,1,0,2,X_Wins
1,1,1,2,2,0,2,1,0,X_Wins
1,1,1,2,2,0,2,0,1,X_Wins
1,1,1,2,2,0,0,1,2,X_Wins
1,1,1,2,2,0,0,2,1,X_Wins
1,1,1,2,2,0,0,0,0,X_Wins
1,1,1,2,0,1,2,2,0,X_Wins
1,1,1,2,0,1,2,0,2,X_Wins
1,1,1,2,0,1,0,2,2,X_Wins
1,1,1,2,0,2,1,2,0,X_Wins
1,1,1,2,0,2,1,0,2,X_Wins
1,1,1,2,0,2,2,1,0,X_Wins
1,1,1,2,0,2,2,0,1,X_Wins
1,1,1,2,0,2,0,1,2,X_Wins
1,1,1,2,0,2,0,2,1,X_Wins
1,1,1,2,0,2,0,0,0,X_Wins
1,1,1,2,0,0,1,2,2,X_Wins
1,1,1,2,0,0,2,1,2,X_Wins
1,1,1,2,0,0,2,2,1,X_Wins
1,1,1,2,0,0,2,0,0,X_Wins
1,1,1,2,0,0,0,2,0,X_Wins
1,1,1,2,0,0,0,0,2,X_Wins
1,1,1,0,1,2,2,2,0,X_Wins
1,1,1,0,1,2,2,0,2,X_Wins
1,1,1,0,1,2,0,2,2,X_Wins
1,1,1,0,2,1,2,2,0,X_Wins
1,1,1,0,2,1,2,0,2,X_Wins
1,1,1,0,2,1,0,2,2,X_Wins
1,1,1,0,2,2,1,2,0,X_Wins
1,1,1,0,2,2,1,0,2,X_Wins
1,1,1,0,2,2,2,1,0,X_Wins
1,1,1,0,2,2,2,0,1,X_Wins
1,1,1,0,2,2,0,1,2,X_Wins
1,1,1,0,2,2,0,2,1,X_Wins
1,1,1,0,2,2,0,0,0,X_Wins
1,1,1,0,2,0,1,2,2,X_Wins
1,1,1,0,2,0,2,1,2,X_Wins
1,1,1,0,2,0,2,2,1,X_Wins
1,1,1,0,2,0,2,0,0,X_Wins
1,1,1,0,2,0,0,2,0,X_Wins
1,1,1,0,2,0,0,0,2,X_Wins
1,1,1,0,0,2,1,2,2,X_Wins
1,1,1,0,0,2,2,1,2,X_Wins
1,1,1,0,0,2,2,2,1,X_Wins
1,1,1,0,0,2,2,0,0,X_Wins
1,1,1,0,0,2,0,2,0,X_Wins
1,1,1,0,0,2,0,0,2,X_Wins
1,1,1,0,0,0,2,2,0,X_Wins
1,1,1,0,0,0,2,0,2,X_Wins
1,1,1,0,0,0,0,2,2,X_Wins
1,1,2,1,1,2,2,2,1,X_Wins
1,1,2,1,2,1,1,2,2,X_Wins
1,1,2,1,2,2,1,2,1,X_Wins
1,1,2,1,2,2,1,0,0,X_Wins
1,1,2,1,2,0,1,2,0,X_Wins
1,1,2,1,2,0,1,0,2,X_Wins
1,1,2,1,0,2,1,2,0,X_Wins
1,1,2,1,0,0,1,2,2,X_Wins
1,1,2,2,1,1,2,1,2,X_Wins
1,1,2,2,1,1,2,2,1,X_Wins
1,1,2,2,1,2,1,2,1,X_Wins
1,1,2,2,1,2,2,1,1,X_Wins
1,1,2,2,1,2,0,1,0,X_Wins
1,1,2,2,1,2,0,0,1,X_Wins
1,1,2,2,1,0,2,1,0,X_Wins
1,1,2,2,1,0,2,0,1,X_Wins
1,1,2,2,1,0,0,1,2,X_Wins
1,1,2,2,1,0,0,2,1,X_Wins
1,1,2,0,1,2,2,1,0,X_Wins
1,1,2,0,1,2,2,0,1,X_Wins
1,1,2,0,1,2,0,2,1,X_Wins
1,1,2,0,1,0,2,1,2,X_Wins
1,1,2,0,1,0,2,2,1,X_Wins
1,1,0,1,2,2,1,2,0,X_Wins
1,1,0,1,2,2,1,0,2,X_Wins
1,1,0,1,2,0,1,2,2,X_Wins
1,1,0,1,0,2,1,2,2,X_Wins
1,1,0,2,1,2,2,1,0,X_Wins
1,1,0,2,1,2,2,0,1,X_Wins
1,1,0,2,1,2,0,1,2,X_Wins
1,1,0,2,1,2,0,2,1,X_Wins
1,1,0,2,1,0,2,1,2,X_Wins
1,1,0,2,1,0,2,2,1,X_Wins
1,1,0,0,1,2,2,1,2,X_Wins
1,1,0,0,1,2,2,2,1,X_Wins
1,2,1,1,1,2,1,2,2,X_Wins
1,2,1,1,1,2,2,2,1,X_Wins
1,2,1,1,2,2,1,1,2,X_Wins
1,2,1,1,2,2,1,0,0,X_Wins
1,2,1,1,2,0,1,0,2,X_Wins
1,2,1,1,0,2,1,2,0,X_Wins
1,2,1,1,0,2,1,0,2,X_Wins
1,2,1,1,0,0,1,2,2,X_Wins
1,2,1,2,1,1,1,2,2,X_Wins
1,2,1,2,1,1,2,2,1,X_Wins
1,2,1,2,1,2,1,1,2,X_Wins
1,2,1,2,1,2,1,2,1,X_Wins
1,2,1,2,1,2,1,0,0,X_Wins
1,2,1,2,1,2,2,1,1,X_Wins
1,2,1,2,1,2,0,0,1,X_Wins
1,2,1,2,1,0,1,2,0,X_Wins
1,2,1,2,1,0,1,0,2,X_Wins
1,2,1,2,1,0,2,0,1,X_Wins
1,2,1,2,1,0,0,2,1,X_Wins
1,2,1,2,2,1,2,1,1,X_Wins
1,2,1,2,2,1,0,0,1,X_Wins
1,2,1,2,0,1,2,0,1,X_Wins
1,2,1,2,0,1,0,2,1,X_Wins
1,2,1,0,1,2,1,2,0,X_Wins
1,2,1,0,1,2,1,0,2,X_Wins
1,2,1,0,1,2,2,0,1,X_Wins
1,2,1,0,1,2,0,2,1,X_Wins
1,2,1,0,1,0,1,2,2,X_Wins
1,2,1,0,1,0,2,2,1,X_Wins
1,2,1,0,2,1,2,0,1,X_Wins
1,2,1,0,0,1,2,2,1,X_Wins
1,2,2,1,1,1,1,2,2,X_Wins
1,2,2,1,1,1,2,1,2,X_Wins
1,2,2,1,1,1,2,2,1,X_Wins
1,2,2,1,1,1,2,0,0,X_Wins
1,2,2,1,1,1,0,2,0,X_Wins
1,2,2,1,1,1,0,0,2,X_Wins
1,2,2,1,1,2,1,2,1,X_Wins
1,2,2,1,1,2,1,0,0,X_Wins
1,2,2,1,1,2,2,1,1,X_Wins
1,2,2,1,1,2,0,0,1,X_Wins
1,2,2,1,1,0,1,2,0,X_Wins
1,2,2,1,1,0,1,0,2,X_Wins
1,2,2,1,1,0,2,0,1,X_Wins
1,2,2,1,1,0,0,2,1,X_Wins
1,2,2,1,2,1,1,1,2,X_Wins
1,2,2,1,2,1,1,0,0,X_Wins
1,2,2,1,2,2,1,1,1,X_Wins
1,2,2,1,2,0,1,1,0,X_Wins
1,2,2,1,2,0,1,0,1,X_Wins
1,2,2,1,0,1,1,2,0,X_Wins
1,2,2,1,0,1,1,0,2,X_Wins
1,2,2,1,0,2,1,1,0,X_Wins
1,2,2,1,0,2,1,0,1,X_Wins
1,2,2,1,0,0,1,1,2,X_Wins
1,2,2,1,0,0,1,2,1,X_Wins
1,2,2,1,0,0,1,0,0,X_Wins
1,2,2,2,1,1,1,2,1,X_Wins
1,2,2,2,1,1,2,1,1,X_Wins
1,2,2,2,1,1,0,0,1,X_Wins
1,2,2,2,1,2,1,1,1,X_Wins
1,2,2,2,1,0,1,0,1,X_Wins
1,2,2,2,1,0,0,1,1,X_Wins
1,2,2,2,2,1,1,1,1,X_Wins
1,2,2,2,0,0,1,1,1,X_Wins
1,2,2,0,1,1,2,0,1,X_Wins
1,2,2,0,1,1,0,2,1,X_Wins
1,2,2,0,1,2,1,0,1,X_Wins
1,2,2,0,1,2,0,1,1,X_Wins
1,2,2,0,1,0,1,2,1,X_Wins
1,2,2,0,1,0,2,1,1,X_Wins
1,2,2,0,1,0,0,0,1,X_Wins
1,2,2,0,2,0,1,1,1,X_Wins
1,2,2,0,0,2,1,1,1,X_Wins
1,2,0,1,1,1,2,2,0,X_Wins
1,2,0,1,1,1,2,0,2,X_Wins
1,2,0,1,1,1,0,2,2,X_Wins
1,2,0,1,1,2,1,2,0,X_Wins
1,2,0,1,1,2,1,0,2,X_Wins
1,2,0,1,1,2,2,0,1,X_Wins
1,2,0,1,1,2,0,2,1,X_Wins
1,2,0,1,1,0,1,2,2,X_Wins
1,2,0,1,1,0,2,2,1,X_Wins
1,2,0,1,2,1,1,0,2,X_Wins
1,2,0,1,2,2,1,1,0,X_Wins
1,2,0,1,2,2,1,0,1,X_Wins
1,2,0,1,2,0,1,1,2,X_Wins
1,2,0,1,2,0,1,0,0,X_Wins
1,2,0,1,0,1,1,2,2,X_Wins
1,2,0,1,0,2,1,1,2,X_Wins
1,2,0,1,0,2,1,2,1,X_Wins
1,2,0,1,0,2,1,0,0,X_Wins
1,2,0,1,0,0,1,2,0,X_Wins
1,2,0,1,0,0,1,0,2,X_Wins
1,2,0,2,1,1,2,0,1,X_Wins
1,2,0,2,1,1,0,2,1,X_Wins
1,2,0,2,1,2,1,0,1,X_Wins
1,2,0,2,1,2,0,1,1,X_Wins
1,2,0,2,1,0,1,2,1,X_Wins
1,2,0,2,1,0,2,1,1,X_Wins
1,2,0,2,1,0,0,0,1,X_Wins
1,2,0,2,2,0,1,1,1,X_Wins
1,2,0,2,0,2,1,1,1,X_Wins
1,2,0,0,1,1,2,2,1,X_Wins
1,2,0,0,1,2,1,2,1,X_Wins
1,2,0,0,1,2,2,1,1,X_Wins
1,2,0,0,1,2,0,0,1,X_Wins
1,2,0,0,1,0,2,0,1,X_Wins
1,2,0,0,1,0,0,2,1,X_Wins
1,2,0,0,2,2,1,1,1,X_Wins
1,0,1,1,2,2,1,2,0,X_Wins
1,0,1,1,2,2,1,0,2,X_Wins
1,0,1,1,2,0,1,2,2,X_Wins
1,0,1,1,0,2,1,2,2,X_Wins
1,0,1,2,1,2,1,2,0,X_Wins
1,0,1,2,1,2,1,0,2,X_Wins
1,0,1,2,1,2,2,0,1,X_Wins
1,0,1,2,1,2,0,2,1,X_Wins
1,0,1,2,1,0,1,2,2,X_Wins
1,0,1,2,1,0,2,2,1,X_Wins
1,0,1,2,2,1,2,0,1,X_Wins
1,0,1,2,2,1,0,2,1,X_Wins
1,0,1,2,0,1,2,2,1,X_Wins
1,0,1,0,1,2,1,2,2,X_Wins
1,0,1,0,1,2,2,2,1,X_Wins
1,0,1,0,2,1,2,2,1,X_Wins
1,0,2,1,1,1,2,2,0,X_Wins
1,0,2,1,1,1,2,0,2,X_Wins
1,0,2,1,1,1,0,2,2,X_Wins
1,0,2,1,1,2,1,2,0,X_Wins
1,0,2,1,1,2,2,0,1,X_Wins
1,0,2,1,1,2,0,2,1,X_Wins
1,0,2,1,1,0,1,2,2,X_Wins
1,0,2,1,1,0,2,2,1,X_Wins
1,0,2,1,2,1,1,2,0,X_Wins
1,0,2,1,2,1,1,0,2,X_Wins
1,0,2,1,2,2,1,1,0,X_Wins
1,0,2,1,2,2,1,0,1,X_Wins
1,0,2,1,2,0,1,1,2,X_Wins
1,0,2,1,2,0,1,2,1,X_Wins
1,0,2,1,2,0,1,0,0,X_Wins
1,0,2,1,0,1,1,2,2,X_Wins
1,0,2,1,0,2,1,2,1,X_Wins
1,0,2,1,0,2,1,0,0,X_Wins
1,0,2,1,0,0,1,2,0,X_Wins
1,0,2,1,0,0,1,0,2,X_Wins
1,0,2,2,1,1,2,0,1,X_Wins
1,0,2,2,1,1,0,2,1,X_Wins
1,0,2,2,1,2,1,0,1,X_Wins
1,0,2,2,1,2,0,1,1,X_Wins
1,0,2,2,1,0,1,2,1,X_Wins
1,0,2,2,1,0,2,1,1,X_Wins
1,0,2,2,1,0,0,0,1,X_Wins
1,0,2,2,2,0,1,1,1,X_Wins
1,0,2,2,0,2,1,1,1,X_Wins
1,0,2,0,1,1,2,2,1,X_Wins
1,0,2,0,1,2,1,2,1,X_Wins
1,0,2,0,1,2,2,1,1,X_Wins
1,0,2,0,1,2,0,0,1,X_Wins
1,0,2,0,1,0,2,0,1,X_Wins
1,0,2,0,1,0,0,2,1,X_Wins
1,0,2,0,2,2,1,1,1,X_Wins
1,0,0,1,1,2,1,2,2,X_Wins
1,0,0,1,1,2,2,2,1,X_Wins
1,0,0,1,2,1,1,2,2,X_Wins
1,0,0,1,2,2,1,1,2,X_Wins
1,0,0,1,2,2,1,2,1,X_Wins
1,0,0,1,2,2,1,0,0,X_Wins
1,0,0,1,2,0,1,2,0,X_Wins
1,0,0,1,2,0,1,0,2,X_Wins
1,0,0,1,0,2,1,2,0,X_Wins
1,0,0,1,0,2,1,0,2,X_Wins
1,0,0,1,0,0,1,2,2,X_Wins
1,0,0,2,1,1,2,2,1,X_Wins
1,0,0,2,1,2,1,2,1,X_Wins
1,0,0,2,1,2,2,1,1,X_Wins
1,0,0,2,1,2,0,0,1,X_Wins
1,0,0,2,1,0,2,0,1,X_Wins
1,0,0,2,1,0,0,2,1,X_Wins
1,0,0,0,1,2,2,0,1,X_Wins
1,0,0,0,1,2,0,2,1,X_Wins
1,0,0,0,1,0,2,2,1,X_Wins
2,1,1,1,1,2,1,2,2,X_Wins
2,1,1,1,1,2,2,1,2,X_Wins
2,1,1,1,2,1,2,2,1,X_Wins
2,1,1,2,1,1,1,2,2,X_Wins
2,1,1,2,1,2,1,1,2,X_Wins
2,1,1,2,1,2,1,2,1,X_Wins
2,1,1,2,1,2,1,0,0,X_Wins
2,1,1,2,1,2,0,1,0,X_Wins
2,1,1,2,1,0,1,2,0,X_Wins
2,1,1,2,1,0,1,0,2,X_Wins
2,1,1,2,1,0,0,1,2,X_Wins
2,1,1,2,2,1,1,2,1,X_Wins
2,1,1,2,2,1,0,0,1,X_Wins
2,1,1,2,0,1,0,2,1,X_Wins
2,1,1,0,1,2,1,2,0,X_Wins
2,1,1,0,1,2,1,0,2,X_Wins
2,1,1,0,1,2,2,1,0,X_Wins
2,1,1,0,1,2,0,1,2,X_Wins
2,1,1,0,1,0,1,2,2,X_Wins
2,1,1,0,1,0,2,1,2,X_Wins
2,1,1,0,2,1,2,0,1,X_Wins
2,1,1,0,2,1,0,2,1,X_Wins
2,1,1,0,0,1,2,2,1,X_Wins
2,1,2,1,1,1,1,2,2,X_Wins
2,1,2,1,1,1,2,1,2,X_Wins
2,1,2,1,1,1,2,2,1,X_Wins
2,1,2,1,1,1,2,0,0,X_Wins
2,1,2,1,1,1,0,2,0,X_Wins
2,1,2,1,1,1,0,0,2,X_Wins
2,1,2,1,1,2,2,1,1,X_Wins
2,1,2,1,1,2,0,1,0,X_Wins
2,1,2,1,1,0,2,1,0,X_Wins
2,1,2,1,1,0,0,1,2,X_Wins
2,1,2,1,2,2,1,1,1,X_Wins
2,1,2,2,1,1,1,1,2,X_Wins
2,1,2,2,1,1,0,1,0,X_Wins
2,1,2,2,1,2,1,1,1,X_Wins
2,1,2,2,1,0,1,1,0,X_Wins
2,1,2,2,1,0,0,1,1,X_Wins
2,1,2,2,2,1,1,1,1,X_Wins
2,1,2,2,0,0,1,1,1,X_Wins
2,1,2,0,1,1,2,1,0,X_Wins
2,1,2,0,1,1,0,1,2,X_Wins
2,1,2,0,1,2,1,1,0,X_Wins
2,1,2,0,1,2,0,1,1,X_Wins
2,1,2,0,1,0,1,1,2,X_Wins
2,1,2,0,1,0,2,1,1,X_Wins
2,1,2,0,1,0,0,1,0,X_Wins
2,1,2,0,2,0,1,1,1,X_Wins
2,1,2,0,0,2,1,1,1,X_Wins
2,1,0,1,1,1,2,2,0,X_Wins
2,1,0,1,1,1,2,0,2,X_Wins
2,1,0,1,1,1,0,2,2,X_Wins
2,1,0,1,1,2,2,1,0,X_Wins
2,1,0,1,1,2,0,1,2,X_Wins
2,1,0,1,1,0,2,1,2,X_Wins
2,1,0,2,1,1,0,1,2,X_Wins
2,1,0,2,1,2,1,1,0,X_Wins
2,1,0,2,1,2,0,1,1,X_Wins
2,1,0,2,1,0,1,1,2,X_Wins
2,1,0,2,1,0,0,1,0,X_Wins
2,1,0,2,2,0,1,1,1,X_Wins
2,1,0,2,0,2,1,1,1,X_Wins
2,1,0,0,1,1,2,1,2,X_Wins
2,1,0,0,1,2,1,1,2,X_Wins
2,1,0,0,1,2,2,1,1,X_Wins
2,1,0,0,1,2,0,1,0,X_Wins
2,1,0,0,1,0,2,1,0,X_Wins
2,1,0,0,1,0,0,1,2,X_Wins
2,1,0,0,2,2,1,1,1,X_Wins
2,2,1,1,1,1,1,2,2,X_Wins
2,2,1,1,1,1,2,1,2,X_Wins
2,2,1,1,1,1,2,2,1,X_Wins
2,2,1,1,1,1,2,0,0,X_Wins
2,2,1,1,1,1,0,2,0,X_Wins
2,2,1,1,1,1,0,0,2,X_Wins
2,2,1,1,1,2,1,1,2,X_Wins
2,2,1,1,1,2,1,2,1,X_Wins
2,2,1,1,1,2,1,0,0,X_Wins
2,2,1,1,1,0,1,2,0,X_Wins
2,2,1,1,1,0,1,0,2,X_Wins
2,2,1,1,2,1,2,1,1,X_Wins
2,2,1,1,2,1,0,0,1,X_Wins
2,2,1,1,2,2,1,1,1,X_Wins
2,2,1,1,0,1,2,0,1,X_Wins
2,2,1,1,0,1,0,2,1,X_Wins
2,2,1,2,1,1,1,1,2,X_Wins
2,2,1,2,1,1,1,2,1,X_Wins
2,2,1,2,1,1,1,0,0,X_Wins
2,2,1,2,1,1,0,0,1,X_Wins
2,2,1,2,1,2,1,1,1,X_Wins
2,2,1,2,1,0,1,1,0,X_Wins
2,2,1,2,1,0,1,0,1,X_Wins
2,2,1,2,2,1,1,1,1,X_Wins
2,2,1,2,0,1,1,0,1,X_Wins
2,2,1,2,0,1,0,1,1,X_Wins
2,2,1,2,0,0,1,1,1,X_Wins
2,2,1,0,1,1,1,2,0,X_Wins
2,2,1,0,1,1,1,0,2,X_Wins
2,2,1,0,1,1,2,0,1,X_Wins
2,2,1,0,1,1,0,2,1,X_Wins
2,2,1,0,1,2,1,1,0,X_Wins
2,2,1,0,1,2,1,0,1,X_Wins
2,2,1,0,1,0,1,1,2,X_Wins
2,2,1,0,1,0,1,2,1,X_Wins
2,2,1,0,1,0,1,0,0,X_Wins
2,2,1,0,2,1,1,0,1,X_Wins
2,2,1,0,2,1,0,1,1,X_Wins
2,2,1,0,2,0,1,1,1,X_Wins
2,2,1,0,0,1,1,2,1,X_Wins
2,2,1,0,0,1,2,1,1,X_Wins
2,2,1,0,0,1,0,0,1,X_Wins
2,2,1,0,0,2,1,1,1,X_Wins
2,2,0,1,1,1,1,2,0,X_Wins
2,2,0,1,1,1,1,0,2,X_Wins
2,2,0,1,1,1,2,1,0,X_Wins
2,2,0,1,1,1,2,0,1,X_Wins
2,2,0,1,1,1,0,1,2,X_Wins
2,2,0,1,1,1,0,2,1,X_Wins
2,2,0,1,1,1,0,0,0,X_Wins
2,2,0,1,2,0,1,1,1,X_Wins
2,2,0,1,0,2,1,1,1,X_Wins
2,2,0,2,1,0,1,1,1,X_Wins
2,2,0,2,0,1,1,1,1,X_Wins
2,2,0,0,1,2,1,1,1,X_Wins
2,2,0,0,2,1,1,1,1,X_Wins
2,2,0,0,0,0,1,1,1,X_Wins
2,0,1,1,1,1,2,2,0,X_Wins
2,0,1,1,1,1,2,0,2,X_Wins
2,0,1,1,1,1,0,2,2,X_Wins
2,0,1,1,1,2,1,2,0,X_Wins
2,0,1,1,1,2,1,0,2,X_Wins
2,0,1,1,1,0,1,2,2,X_Wins
2,0,1,1,2,1,2,0,1,X_Wins
2,0,1,1,2,1,0,2,1,X_Wins
2,0,1,1,0,1,2,2,1,X_Wins
2,0,1,2,1,1,1,2,0,X_Wins
2,0,1,2,1,1,1,0,2,X_Wins
2,0,1,2,1,1,0,2,1,X_Wins
2,0,1,2,1,2,1,1,0,X_Wins
2,0,1,2,1,2,1,0,1,X_Wins
2,0,1,2,1,0,1,1,2,X_Wins
2,0,1,2,1,0,1,2,1,X_Wins
2,0,1,2,1,0,1,0,0,X_Wins
2,0,1,2,2,1,1,0,1,X_Wins
2,0,1,2,2,1,0,1,1,X_Wins
2,0,1,2,2,0,1,1,1,X_Wins
2,0,1,2,0,1,1,2,1,X_Wins
2,0,1,2,0,1,0,0,1,X_Wins
2,0,1,2,0,2,1,1,1,X_Wins
2,0,1,0,1,1,1,2,2,X_Wins
2,0,1,0,1,1,2,2,1,X_Wins
2,0,1,0,1,2,1,1,2,X_Wins
2,0,1,0,1,2,1,2,1,X_Wins
2,0,1,0,1,2,1,0,0,X_Wins
2,0,1,0,1,0,1,2,0,X_Wins
2,0,1,0,1,0,1,0,2,X_Wins
2,0,1,0,2,1,1,2,1,X_Wins
2,0,1,0,2,1,2,1,1,X_Wins
2,0,1,0,2,1,0,0,1,X_Wins
2,0,1,0,2,2,1,1,1,X_Wins
2,0,1,0,0,1,2,0,1,X_Wins
2,0,1,0,0,1,0,2,1,X_Wins
2,0,2,1,1,1,1,2,0,X_Wins
2,0,2,1,1,1,1,0,2,X_Wins
2,0,2,1,1,1,2,1,0,X_Wins
2,0,2,1,1,1,2,0,1,X_Wins
2,0,2,1,1,1,0,1,2,X_Wins
2,0,2,1,1,1,0,2,1,X_Wins
2,0,2,1,1,1,0,0,0,X_Wins
2,0,2,1,2,0,1,1,1,X_Wins
2,0,2,1,0,2,1,1,1,X_Wins
2,0,2,2,1,0,1,1,1,X_Wins
2,0,2,2,0,1,1,1,1,X_Wins
2,0,2,0,1,2,1,1,1,X_Wins
2,0,2,0,2,1,1,1,1,X_Wins
2,0,2,0,0,0,1,1,1,X_Wins
2,0,0,1,1,1,1,2,2,X_Wins
2,0,0,1,1,1,2,1,2,X_Wins
2,0,0,1,1,1,2,2,1,X_Wins
2,0,0,1,1,1,2,0,0,X_Wins
2,0,0,1,1,1,0,2,0,X_Wins
2,0,0,1,1,1,0,0,2,X_Wins
2,0,0,1,2,2,1,1,1,X_Wins
2,0,0,2,1,2,1,1,1,X_Wins
2,0,0,2,2,1,1,1,1,X_Wins
2,0,0,2,0,0,1,1,1,X_Wins
2,0,0,0,2,0,1,1,1,X_Wins
2,0,0,0,0,2,1,1,1,X_Wins
0,1,1,2,1,2,1,2,0,X_Wins
0,1,1,2,1,2,1,0,2,X_Wins
0,1,1,2,1,2,2,1,0,X_Wins
0,1,1,2,1,2,0,1,2,X_Wins
0,1,1,2,1,0,1,2,2,X_Wins
0,1,1,2,1,0,2,1,2,X_Wins
0,1,1,2,2,1,2,0,1,X_Wins
0,1,1,2,2,1,0,2,1,X_Wins
0,1,1,2,0,1,2,2,1,X_Wins
0,1,1,0,1,2,1,2,2,X_Wins
0,1,1,0,1,2,2,1,2,X_Wins
0,1,1,0,2,1,2,2,1,X_Wins
0,1,2,1,1,1,2,2,0,X_Wins
0,1,2,1,1,1,2,0,2,X_Wins
0,1,2,1,1,1,0,2,2,X_Wins
0,1,2,1,1,2,2,1,0,X_Wins
0,1,2,1,1,0,2,1,2,X_Wins
0,1,2,2,1,1,2,1,0,X_Wins
0,1,2,2,1,1,0,1,2,X_Wins
0,1,2,2,1,2,1,1,0,X_Wins
0,1,2,2,1,2,0,1,1,X_Wins
0,1,2,2,1,0,1,1,2,X_Wins
0,1,2,2,1,0,2,1,1,X_Wins
0,1,2,2,1,0,0,1,0,X_Wins
0,1,2,2,2,0,1,1,1,X_Wins
0,1,2,2,0,2,1,1,1,X_Wins
0,1,2,0,1,1,2,1,2,X_Wins
0,1,2,0,1,2,2,1,1,X_Wins
0,1,2,0,1,2,0,1,0,X_Wins
0,1,2,0,1,0,2,1,0,X_Wins
0,1,2,0,1,0,0,1,2,X_Wins
0,1,2,0,2,2,1,1,1,X_Wins
0,1,0,1,1,2,2,1,2,X_Wins
0,1,0,2,1,1,2,1,2,X_Wins
0,1,0,2,1,2,1,1,2,X_Wins
0,1,0,2,1,2,2,1,1,X_Wins
0,1,0,2,1,2,0,1,0,X_Wins
0,1,0,2,1,0,2,1,0,X_Wins
0,1,0,2,1,0,0,1,2,X_Wins
0,1,0,0,1,2,2,1,0,X_Wins
0,1,0,0,1,2,0,1,2,X_Wins
0,1,0,0,1,0,2,1,2,X_Wins
0,2,1,1,1,1,2,2,0,X_Wins
0,2,1,1,1,1,2,0,2,X_Wins
0,2,1,1,1,1,0,2,2,X_Wins
0,2,1,1,1,2,1,2,0,X_Wins
0,2,1,1,1,2,1,0,2,X_Wins
0,2,1,1,1,0,1,2,2,X_Wins
0,2,1,1,2,1,2,0,1,X_Wins
0,2,1,1,0,1,2,2,1,X_Wins
0,2,1,2,1,1,1,2,0,X_Wins
0,2,1,2,1,1,1,0,2,X_Wins
0,2,1,2,1,1,2,0,1,X_Wins
0,2,1,2,1,1,0,2,1,X_Wins
0,2,1,2,1,2,1,1,0,X_Wins
0,2,1,2,1,2,1,0,1,X_Wins
0,2,1,2,1,0,1,1,2,X_Wins
0,2,1,2,1,0,1,2,1,X_Wins
0,2,1,2,1,0,1,0,0,X_Wins
0,2,1,2,2,1,1,0,1,X_Wins
0,2,1,2,2,1,0,1,1,X_Wins
0,2,1,2,2,0,1,1,1,X_Wins
0,2,1,2,0,1,1,2,1,X_Wins
0,2,1,2,0,1,2,1,1,X_Wins
0,2,1,2,0,1,0,0,1,X_Wins
0,2,1,2,0,2,1,1,1,X_Wins
0,2,1,0,1,1,1,2,2,X_Wins
0,2,1,0,1,1,2,2,1,X_Wins
0,2,1,0,1,2,1,1,2,X_Wins
0,2,1,0,1,2,1,2,1,X_Wins
0,2,1,0,1,2,1,0,0,X_Wins
0,2,1,0,1,0,1,2,0,X_Wins
0,2,1,0,1,0,1,0,2,X_Wins
0,2,1,0,2,1,2,1,1,X_Wins
0,2,1,0,2,1,0,0,1,X_Wins
0,2,1,0,2,2,1,1,1,X_Wins
0,2,1,0,0,1,2,0,1,X_Wins
0,2,1,0,0,1,0,2,1,X_Wins
0,2,2,1,1,1,1,2,0,X_Wins
0,2,2,1,1,1,1,0,2,X_Wins
0,2,2,1,1,1,2,1,0,X_Wins
0,2,2,1,1,1,2,0,1,X_Wins
0,2,2,1,1,1,0,1,2,X_Wins
0,2,2,1,1,1,0,2,1,X_Wins
0,2,2,1,1,1,0,0,0,X_Wins
0,2,2,1,2,0,1,1,1,X_Wins
0,2,2,1,0,2,1,1,1,X_Wins
0,2,2,2,1,0,1,1,1,X_Wins
0,2,2,2,0,1,1,1,1,X_Wins
0,2,2,0,1,2,1,1,1,X_Wins
0,2,2,0,2,1,1,1,1,X_Wins
0,2,2,0,0,0,1,1,1,X_Wins
0,2,0,1,1,1,1,2,2,X_Wins
0,2,0,1,1,1,2,1,2,X_Wins
0,2,0,1,1,1,2,2,1,X_Wins
0,2,0,1,1,1,2,0,0,X_Wins
0,2,0,1,1,1,0,2,0,X_Wins
0,2,0,1,1,1,0,0,2,X_Wins
0,2,0,1,2,2,1,1,1,X_Wins
0,2,0,2,1,2,1,1,1,X_Wins
0,2,0,2,2,1,1,1,1,X_Wins
0,2,0,2,0,0,1,1,1,X_Wins
0,2,0,0,2,0,1,1,1,X_Wins
0,2,0,0,0,2,1,1,1,X_Wins
0,0,1,1,1,2,1,2,2,X_Wins
0,0,1,1,2,1,2,2,1,X_Wins
0,0,1,2,1,1,1,2,2,X_Wins
0,0,1,2,1,1,2,2,1,X_Wins
0,0,1,2,1,2,1,1,2,X_Wins
0,0,1,2,1,2,1,2,1,X_Wins
0,0,1,2,1,2,1,0,0,X_Wins
0,0,1,2,1,0,1,2,0,X_Wins
0,0,1,2,1,0,1,0,2,X_Wins
0,0,1,2,2,1,1,2,1,X_Wins
0,0,1,2,2,1,2,1,1,X_Wins
0,0,1,2,2,1,0,0,1,X_Wins
0,0,1,2,0,1,2,0,1,X_Wins
0,0,1,2,0,1,0,2,1,X_Wins
0,0,1,0,1,2,1,2,0,X_Wins
0,0,1,0,1,2,1,0,2,X_Wins
0,0,1,0,1,0,1,2,2,X_Wins
0,0,1,0,2,1,2,0,1,X_Wins
0,0,1,0,2,1,0,2,1,X_Wins
0,0,1,0,0,1,2,2,1,X_Wins
0,0,2,1,1,1,1,2,2,X_Wins
0,0,2,1,1,1,2,1,2,X_Wins
0,0,2,1,1,1,2,2,1,X_Wins
0,0,2,1,1,1,2,0,0,X_Wins
0,0,2,1,1,1,0,2,0,X_Wins
0,0,2,1,1,1,0,0,2,X_Wins
0,0,2,1,2,2,1,1,1,X_Wins
0,0,2,2,1,2,1,1,1,X_Wins
0,0,2,2,2,1,1,1,1,X_Wins
0,0,2,2,0,0,1,1,1,X_Wins
0,0,2,0,2,0,1,1,1,X_Wins
0,0,2,0,0,2,1,1,1,X_Wins
0,0,0,1,1,1,2,2,0,X_Wins
0,0,0,1,1,1,2,0,2,X_Wins
0,0,0,1,1,1,0,2,2,X_Wins
0,0,0,2,2,0,1,1,1,X_Wins
0,0,0,2,0,2,1,1,1,X_Wins
0,0,0,0,2,2,1,1,1,X_Wins
1,1,2,1,1,2,2,0,2,X_Not_Win
1,1,2,1,1,2,0,2,2,X_Not_Win
1,1,2,1,1,0,2,2,2,X_Not_Win
1,1,2,1,2,1,2,2,0,X_Not_Win
1,1,2,1,2,1,2,0,2,X_Not_Win
1,1,2,1,2,2,2,1,0,X_Not_Win
1,1,2,1,2,2,2,0,1,X_Not_Win
1,1,2,1,2,2,0,1,2,X_Not_Win
1,1,2,1,2,0,2,1,2,X_Not_Win
1,1,2,1,2,0,2,2,1,X_Not_Win
1,1,2,1,2,0,2,0,0,X_Not_Win
1,1,2,1,0,1,2,2,2,X_Not_Win
1,1,2,1,0,2,2,1,2,X_Not_Win
1,1,2,1,0,2,0,0,2,X_Not_Win
1,1,2,2,1,2,1,0,2,X_Not_Win
1,1,2,2,2,1,2,1,0,X_Not_Win
1,1,2,2,2,1,2,0,1,X_Not_Win
1,1,2,2,2,2,1,1,0,X_Not_Win
1,1,2,2,2,2,1,0,1,X_Not_Win
1,1,2,2,2,2,0,1,1,X_Not_Win
1,1,2,2,2,0,2,1,1,X_Not_Win
1,1,2,2,0,2,1,1,2,X_Not_Win
1,1,2,0,1,1,2,2,2,X_Not_Win
1,1,2,0,1,2,1,2,2,X_Not_Win
1,1,2,0,1,2,0,0,2,X_Not_Win
1,1,2,0,2,1,2,1,2,X_Not_Win
1,1,2,0,2,1,2,2,1,X_Not_Win
1,1,2,0,2,1,2,0,0,X_Not_Win
1,1,2,0,2,2,1,1,2,X_Not_Win
1,1,2,0,2,2,2,1,1,X_Not_Win
1,1,2,0,2,0,2,1,0,X_Not_Win
1,1,2,0,2,0,2,0,1,X_Not_Win
1,1,2,0,0,2,1,0,2,X_Not_Win
1,1,2,0,0,2,0,1,2,X_Not_Win
1,1,0,1,1,2,2,2,2,X_Not_Win
1,1,0,1,2,1,2,2,2,X_Not_Win
1,1,0,1,0,0,2,2,2,X_Not_Win
1,1,0,2,1,1,2,2,2,X_Not_Win
1,1,0,2,2,2,1,1,2,X_Not_Win
1,1,0,2,2,2,1,2,1,X_Not_Win
1,1,0,2,2,2,1,0,0,X_Not_Win
1,1,0,2,2,2,2,1,1,X_Not_Win
1,1,0,2,2,2,0,1,0,X_Not_Win
1,1,0,2,2,2,0,0,1,X_Not_Win
1,1,0,0,1,0,2,2,2,X_Not_Win
1,1,0,0,0,1,2,2,2,X_Not_Win
1,2,1,1,1,0,2,2,2,X_Not_Win
1,2,1,1,2,1,2,2,0,X_Not_Win
1,2,1,1,2,1,0,2,2,X_Not_Win
1,2,1,1,2,2,0,2,1,X_Not_Win
1,2,1,1,2,0,2,2,1,X_Not_Win
1,2,1,1,2,0,0,2,0,X_Not_Win
1,2,1,1,0,1,2,2,2,X_Not_Win
1,2,1,2,2,1,1,2,0,X_Not_Win
1,2,1,2,2,2,1,1,0,X_Not_Win
1,2,1,2,2,2,1,0,1,X_Not_Win
1,2,1,2,2,2,0,1,1,X_Not_Win
1,2,1,2,2,0,1,2,1,X_Not_Win
1,2,1,0,1,1,2,2,2,X_Not_Win
1,2,1,0,2,1,1,2,2,X_Not_Win
1,2,1,0,2,1,0,2,0,X_Not_Win
1,2,1,0,2,2,1,2,1,X_Not_Win
1,2,1,0,2,0,1,2,0,X_Not_Win
1,2,1,0,2,0,0,2,1,X_Not_Win
1,2,2,1,1,2,0,1,2,X_Not_Win
1,2,2,1,2,1,2,1,0,X_Not_Win
1,2,2,1,2,1,2,0,1,X_Not_Win
1,2,2,1,2,1,0,2,1,X_Not_Win
1,2,2,1,2,0,2,1,1,X_Not_Win
1,2,2,0,1,2,1,1,2,X_Not_Win
1,2,2,0,2,1,1,2,1,X_Not_Win
1,2,2,0,2,1,2,1,1,X_Not_Win
1,2,0,1,2,1,2,2,1,X_Not_Win
1,2,0,1,2,1,0,2,0,X_Not_Win
1,2,0,1,2,0,0,2,1,X_Not_Win
1,2,0,2,2,1,1,2,1,X_Not_Win
1,2,0,0,2,1,1,2,0,X_Not_Win
1,2,0,0,2,1,0,2,1,X_Not_Win
1,2,0,0,2,0,1,2,1,X_Not_Win
1,0,1,1,1,2,2,2,2,X_Not_Win
1,0,1,1,2,1,2,2,2,X_Not_Win
1,0,1,1,0,0,2,2,2,X_Not_Win
1,0,1,2,1,1,2,2,2,X_Not_Win
1,0,1,2,2,2,1,1,2,X_Not_Win
1,0,1,2,2,2,1,2,1,X_Not_Win
1,0,1,2,2,2,1,0,0,X_Not_Win
1,0,1,2,2,2,2,1,1,X_Not_Win
1,0,1,2,2,2,0,1,0,X_Not_Win
1,0,1,2,2,2,0,0,1,X_Not_Win
1,0,1,0,1,0,2,2,2,X_Not_Win
1,0,1,0,0,1,2,2,2,X_Not_Win
1,0,2,1,1,2,2,1,2,X_Not_Win
1,0,2,1,1,2,0,0,2,X_Not_Win
1,0,2,1,2,1,2,1,2,X_Not_Win
1,0,2,1,2,1,2,2,1,X_Not_Win
1,0,2,1,2,1,2,0,0,X_Not_Win
1,0,2,1,2,2,2,1,1,X_Not_Win
1,0,2,1,2,0,2,1,0,X_Not_Win
1,0,2,1,2,0,2,0,1,X_Not_Win
1,0,2,1,0,2,0,1,2,X_Not_Win
1,0,2,2,1,2,1,1,2,X_Not_Win
1,0,2,2,2,1,2,1,1,X_Not_Win
1,0,2,0,1,2,1,0,2,X_Not_Win
1,0,2,0,1,2,0,1,2,X_Not_Win
1,0,2,0,2,1,2,1,0,X_Not_Win
1,0,2,0,2,1,2,0,1,X_Not_Win
1,0,2,0,2,0,2,1,1,X_Not_Win
1,0,2,0,0,2,1,1,2,X_Not_Win
1,0,0,1,1,0,2,2,2,X_Not_Win
1,0,0,1,0,1,2,2,2,X_Not_Win
1,0,0,2,2,2,1,1,0,X_Not_Win
1,0,0,2,2,2,1,0,1,X_Not_Win
1,0,0,2,2,2,0,1,1,X_Not_Win
1,0,0,0,1,1,2,2,2,X_Not_Win
2,1,1,1,1,0,2,2,2,X_Not_Win
2,1,1,1,2,1,2,0,2,X_Not_Win
2,1,1,1,2,1,0,2,2,X_Not_Win
2,1,1,1,2,2,1,0,2,X_Not_Win
2,1,1,1,2,2,0,1,2,X_Not_Win
2,1,1,1,2,0,1,2,2,X_Not_Win
2,1,1,1,2,0,2,1,2,X_Not_Win
2,1,1,1,2,0,0,0,2,X_Not_Win
2,1,1,1,0,1,2,2,2,X_Not_Win
2,1,1,2,1,1,2,2,0,X_Not_Win
2,1,1,2,1,1,2,0,2,X_Not_Win
2,1,1,2,1,2,2,0,1,X_Not_Win
2,1,1,2,1,0,2,2,1,X_Not_Win
2,1,1,2,1,0,2,0,0,X_Not_Win
2,1,1,2,2,1,1,0,2,X_Not_Win
2,1,1,2,2,1,2,1,0,X_Not_Win
2,1,1,2,2,1,0,1,2,X_Not_Win
2,1,1,2,2,2,1,1,0,X_Not_Win
2,1,1,2,2,2,1,0,1,X_Not_Win
2,1,1,2,2,2,0,1,1,X_Not_Win
2,1,1,2,2,0,1,1,2,X_Not_Win
2,1,1,2,2,0,2,1,1,X_Not_Win
2,1,1,2,0,1,2,1,2,X_Not_Win
2,1,1,2,0,1,2,0,0,X_Not_Win
2,1,1,2,0,2,2,1,1,X_Not_Win
2,1,1,2,0,0,2,1,0,X_Not_Win
2,1,1,2,0,0,2,0,1,X_Not_Win
2,1,1,0,1,1,2,2,2,X_Not_Win
2,1,1,0,2,1,1,2,2,X_Not_Win
2,1,1,0,2,1,2,1,2,X_Not_Win
2,1,1,0,2,1,0,0,2,X_Not_Win
2,1,1,0,2,2,1,1,2,X_Not_Win
2,1,1,0,2,0,1,0,2,X_Not_Win
2,1,1,0,2,0,0,1,2,X_Not_Win
2,1,2,1,1,2,1,0,2,X_Not_Win
2,1,2,1,2,1,1,0,2,X_Not_Win
2,1,2,1,2,1,2,1,0,X_Not_Win
2,1,2,1,2,1,2,0,1,X_Not_Win
2,1,2,1,2,1,0,1,2,X_Not_Win
2,1,2,1,2,0,1,1,2,X_Not_Win
2,1,2,1,2,0,2,1,1,X_Not_Win
2,1,2,1,0,2,1,1,2,X_Not_Win
2,1,2,2,1,1,2,0,1,X_Not_Win
2,1,2,2,0,1,2,1,1,X_Not_Win
2,1,2,0,2,1,1,1,2,X_Not_Win
2,1,2,0,2,1,2,1,1,X_Not_Win
2,1,0,1,2,1,1,2,2,X_Not_Win
2,1,0,1,2,1,2,1,2,X_Not_Win
2,1,0,1,2,1,0,0,2,X_Not_Win
2,1,0,1,2,2,1,1,2,X_Not_Win
2,1,0,1,2,0,1,0,2,X_Not_Win
2,1,0,1,2,0,0,1,2,X_Not_Win
2,1,0,2,1,1,2,2,1,X_Not_Win
2,1,0,2,1,1,2,0,0,X_Not_Win
2,1,0,2,1,0,2,0,1,X_Not_Win
2,1,0,2,2,1,1,1,2,X_Not_Win
2,1,0,2,2,1,2,1,1,X_Not_Win
2,1,0,2,0,1,2,1,0,X_Not_Win
2,1,0,2,0,1,2,0,1,X_Not_Win
2,1,0,2,0,0,2,1,1,X_Not_Win
2,1,0,0,2,1,1,0,2,X_Not_Win
2,1,0,0,2,1,0,1,2,X_Not_Win
2,1,0,0,2,0,1,1,2,X_Not_Win
2,2,1,1,2,1,1,2,0,X_Not_Win
2,2,1,1,2,1,1,0,2,X_Not_Win
2,2,1,1,2,1,0,1,2,X_Not_Win
2,2,1,1,2,0,1,1,2,X_Not_Win
2,2,1,1,2,0,1,2,1,X_Not_Win
2,2,1,2,1,1,2,1,0,X_Not_Win
2,2,1,2,1,0,2,1,1,X_Not_Win
2,2,1,0,2,1,1,1,2,X_Not_Win
2,2,2,1,1,2,1,1,0,X_Not_Win
2,2,2,1,1,2,1,0,1,X_Not_Win
2,2,2,1,1,2,0,1,1,X_Not_Win
2,2,2,1,1,0,1,1,2,X_Not_Win
2,2,2,1,1,0,1,2,1,X_Not_Win
2,2,2,1,1,0,1,0,0,X_Not_Win
2,2,2,1,1,0,2,1,1,X_Not_Win
2,2,2,1,1,0,0,1,0,X_Not_Win
2,2,2,1,1,0,0,0,1,X_Not_Win
2,2,2,1,2,1,1,1,0,X_Not_Win
2,2,2,1,2,1,1,0,1,X_Not_Win
2,2,2,1,2,1,0,1,1,X_Not_Win
2,2,2,1,0,1,1,1,2,X_Not_Win
2,2,2,1,0,1,1,2,1,X_Not_Win
2,2,2,1,0,1,1,0,0,X_Not_Win
2,2,2,1,0,1,2,1,1,X_Not_Win
2,2,2,1,0,1,0,1,0,X_Not_Win
2,2,2,1,0,1,0,0,1,X_Not_Win
2,2,2,1,0,0,1,1,0,X_Not_Win
2,2,2,1,0,0,1,0,1,X_Not_Win
2,2,2,1,0,0,0,1,1,X_Not_Win
2,2,2,2,1,1,1,1,0,X_Not_Win
2,2,2,2,1,1,1,0,1,X_Not_Win
2,2,2,2,1,1,0,1,1,X_Not_Win
2,2,2,0,1,1,1,1,2,X_Not_Win
2,2,2,0,1,1,1,2,1,X_Not_Win
2,2,2,0,1,1,1,0,0,X_Not_Win
2,2,2,0,1,1,2,1,1,X_Not_Win
2,2,2,0,1,1,0,1,0,X_Not_Win
2,2,2,0,1,1,0,0,1,X_Not_Win
2,2,2,0,1,0,1,1,0,X_Not_Win
2,2,2,0,1,0,1,0,1,X_Not_Win
2,2,2,0,1,0,0,1,1,X_Not_Win
2,2,2,0,0,1,1,1,0,X_Not_Win
2,2,2,0,0,1,1,0,1,X_Not_Win
2,2,2,0,0,1,0,1,1,X_Not_Win
2,2,0,1,2,1,1,1,2,X_Not_Win
2,2,0,1,2,1,1,2,1,X_Not_Win
2,2,0,2,1,1,2,1,1,X_Not_Win
2,0,1,1,2,1,1,2,2,X_Not_Win
2,0,1,1,2,1,2,1,2,X_Not_Win
2,0,1,1,2,1,0,0,2,X_Not_Win
2,0,1,1,2,2,1,1,2,X_Not_Win
2,0,1,1,2,0,1,0,2,X_Not_Win
2,0,1,1,2,0,0,1,2,X_Not_Win
2,0,1,2,1,1,2,1,2,X_Not_Win
2,0,1,2,1,1,2,0,0,X_Not_Win
2,0,1,2,1,2,2,1,1,X_Not_Win
2,0,1,2,1,0,2,1,0,X_Not_Win
2,0,1,2,1,0,2,0,1,X_Not_Win
2,0,1,2,2,1,1,1,2,X_Not_Win
2,0,1,2,0,1,2,1,0,X_Not_Win
2,0,1,2,0,0,2,1,1,X_Not_Win
2,0,1,0,2,1,1,0,2,X_Not_Win
2,0,1,0,2,1,0,1,2,X_Not_Win
2,0,1,0,2,0,1,1,2,X_Not_Win
2,0,2,1,1,2,1,1,2,X_Not_Win
2,0,2,1,2,1,1,1,2,X_Not_Win
2,0,2,1,2,1,2,1,1,X_Not_Win
2,0,2,2,1,1,2,1,1,X_Not_Win
2,0,0,1,2,1,1,0,2,X_Not_Win
2,0,0,1,2,1,0,1,2,X_Not_Win
2,0,0,1,2,0,1,1,2,X_Not_Win
2,0,0,2,1,1,2,1,0,X_Not_Win
2,0,0,2,1,1,2,0,1,X_Not_Win
2,0,0,2,1,0,2,1,1,X_Not_Win
2,0,0,2,0,1,2,1,1,X_Not_Win
2,0,0,0,2,1,1,1,2,X_Not_Win
0,1,1,1,1,2,2,2,2,X_Not_Win
0,1,1,1,2,1,2,2,2,X_Not_Win
0,1,1,1,0,0,2,2,2,X_Not_Win
0,1,1,2,1,1,2,2,2,X_Not_Win
0,1,1,2,2,2,1,1,2,X_Not_Win
0,1,1,2,2,2,1,2,1,X_Not_Win
0,1,1,2,2,2,1,0,0,X_Not_Win
0,1,1,2,2,2,2,1,1,X_Not_Win
0,1,1,2,2,2,0,1,0,X_Not_Win
0,1,1,2,2,2,0,0,1,X_Not_Win
0,1,1,0,1,0,2,2,2,X_Not_Win
0,1,1,0,0,1,2,2,2,X_Not_Win
0,1,2,1,1,2,1,2,2,X_Not_Win
0,1,2,1,1,2,0,0,2,X_Not_Win
0,1,2,1,2,1,2,1,2,X_Not_Win
0,1,2,1,2,1,2,2,1,X_Not_Win
0,1,2,1,2,1,2,0,0,X_Not_Win
0,1,2,1,2,2,1,1,2,X_Not_Win
0,1,2,1,2,2,2,1,1,X_Not_Win
0,1,2,1,2,0,2,1,0,X_Not_Win
0,1,2,1,2,0,2,0,1,X_Not_Win
0,1,2,1,0,2,1,0,2,X_Not_Win
0,1,2,1,0,2,0,1,2,X_Not_Win
0,1,2,2,2,1,2,1,1,X_Not_Win
0,1,2,0,1,2,1,0,2,X_Not_Win
0,1,2,0,2,1,2,1,0,X_Not_Win
0,1,2,0,2,1,2,0,1,X_Not_Win
0,1,2,0,2,0,2,1,1,X_Not_Win
0,1,2,0,0,2,1,1,2,X_Not_Win
0,1,0,1,1,0,2,2,2,X_Not_Win
0,1,0,1,0,1,2,2,2,X_Not_Win
0,1,0,2,2,2,1,1,0,X_Not_Win
0,1,0,2,2,2,1,0,1,X_Not_Win
0,1,0,2,2,2,0,1,1,X_Not_Win
0,1,0,0,1,1,2,2,2,X_Not_Win
0,2,1,1,2,1,1,2,2,X_Not_Win
0,2,1,1,2,1,0,2,0,X_Not_Win
0,2,1,1,2,2,1,2,1,X_Not_Win
0,2,1,1,2,0,1,2,0,X_Not_Win
0,2,1,1,2,0,0,2,1,X_Not_Win
0,2,1,0,2,1,1,2,0,X_Not_Win
0,2,1,0,2,0,1,2,1,X_Not_Win
0,2,2,1,1,2,1,1,2,X_Not_Win
0,2,2,1,2,1,1,2,1,X_Not_Win
0,2,2,1,2,1,2,1,1,X_Not_Win
0,2,0,1,2,1,1,2,0,X_Not_Win
0,2,0,1,2,1,0,2,1,X_Not_Win
0,2,0,1,2,0,1,2,1,X_Not_Win
0,2,0,0,2,1,1,2,1,X_Not_Win
0,0,1,1,1,0,2,2,2,X_Not_Win
0,0,1,1,0,1,2,2,2,X_Not_Win
0,0,1,2,2,2,1,1,0,X_Not_Win
0,0,1,2,2,2,1,0,1,X_Not_Win
0,0,1,2,2,2,0,1,1,X_Not_Win
0,0,1,0,1,1,2,2,2,X_Not_Win
0,0,2,1,1,2,1,0,2,X_Not_Win
0,0,2,1,1,2,0,1,2,X_Not_Win
0,0,2,1,2,1,2,1,0,X_Not_Win
0,0,2,1,2,1,2,0,1,X_Not_Win
0,0,2,1,2,0,2,1,1,X_Not_Win
0,0,2,1,0,2,1,1,2,X_Not_Win
0,0,2,0,1,2,1,1,2,X_Not_Win
0,0,2,0,2,1,2,1,1,X_Not_Win
1,1,2,2,1,1,1,2,2,X_Not_Win
1,1,2,2,2,1,1,1,2,X_Not_Win
1,1,2,2,2,1,1,2,1,X_Not_Win
1,2,1,1,1,2,2,1,2,X_Not_Win
1,2,1,1,2,1,2,1,2,X_Not_Win
1,2,1,1,2,2,2,1,1,X_Not_Win
1,2,1,2,1,1,2,1,2,X_Not_Win
1,2,1,2,2,1,1,1,2,X_Not_Win
1,2,2,2,1,1,1,1,2,X_Not_Win
2,1,1,1,1,2,2,2,1,X_Not_Win
2,1,1,1,2,2,1,2,1,X_Not_Win
2,1,1,1,2,2,2,1,1,X_Not_Win
2,1,2,1,1,2,1,2,1,X_Not_Win
2,1,2,1,2,1,1,2,1,X_Not_Win
2,1,2,2,1,1,1,2,1,X_Not_Win
2,2,1,1,1,2,2,1,1,X_Not_Win